4294967279,366
4294967278,423
4294967278,243
4294967278,368
4294967279,371
4294967278,299
4294967278,440
4294967279,369
4294967278,371
4294967279,216
4294967279,214
4294967294,30
4294967294,160
4294967294,164
4294967294,165
4294967294,177
4294967294,104
4294967294,106
4294967294,166
4294967294,24
4294967294,175
4294967278,272
4294967278,422
4294967279,542
4294967279,281
4294967279,297
4294967279,336
4294967279,528
4294967278,291
4294967278,164
4294967278,157
4294967278,135
4294967278,133
4294967278,276
4294967278,288
4294967278,287
4294967278,274
4294967278,273
4294967278,270
4294967278,269
4294967278,268
4294967278,267
4294967278,281
4294967278,265
4294967278,264
4294967279,257
4294967278,262
4294967279,237
4294967278,237
4294967279,219
4294967278,214
4294967278,213
4294967279,213
4294967278,212
4294967279,212
4294967278,211
4294967279,211
4294967278,207
4294967278,203
4294967278,199
4294967279,199
4294967278,198
4294967279,197
4294967278,194
4294967279,194
4294967278,193
4294967278,192
4294967278,191
4294967278,190
4294967278,189
4294967278,188
4294967278,187
4294967278,186
4294967278,185
4294967278,184
4294967278,183
4294967279,183
4294967278,182
4294967279,182
4294967278,181
4294967278,180
4294967279,180
4294967278,179
4294967278,178
4294967278,177
4294967278,176
4294967278,175
4294967278,173
4294967279,173
4294967278,172
4294967278,171
4294967278,170
4294967278,169
4294967279,169
4294967278,168
4294967279,168
4294967278,167
4294967279,167
4294967278,166
4294967278,165
4294967279,165
4294967278,163
4294967278,162
4294967278,161
4294967278,160
4294967279,160
4294967278,159
4294967279,159
4294967278,158
4294967279,158
4294967278,156
4294967279,155
4294967294,437
4294967279,348
4294967278,290
845,5
845,4
845,3
845,2
845,1
4294967278,289
4294967279,342
4294967278,305
4294967294,178
4294967294,444
4294967294,167
4294967294,448
843,5
843,4
843,3
843,2
843,1
4294967278,426
841,6
4294967278,293
4294967279,374
4294967279,325
841,5
841,4
841,3
841,2
841,1
4294967279,571
4294967278,241
840,5
840,4
840,3
840,2
840,1
4294967279,88
4294967279,333
839,5
839,4
839,3
839,2
839,1
4294967279,304
838,5
838,4
838,3
838,2
838,1
836,4
836,3
836,2
836,1
4294967278,366
4294967278,421
4294967279,372
4294967278,398
4294967279,230
4294967278,338
4294967278,444
4294967279,361
4294967278,247
4294967279,534
4294967278,337
4294967278,284
4294967279,327
4294967278,124
4294967278,122
4294967278,119
4294967278,118
4294967278,117
4294967278,116
4294967278,115
4294967278,113
4294967278,103
4294967278,102
4294967278,101
4294967278,373
4294967278,100
4294967278,259
4294967278,99
4294967278,283
4294967278,98
4294967278,97
4294967278,96
4294967278,95
4294967278,94
4294967278,93
4294967278,92
4294967278,91
4294967278,90
4294967278,89
4294967278,87
4294967278,86
4294967278,85
4294967278,84
4294967278,83
4294967278,82
4294967278,81
4294967278,80
4294967278,79
4294967278,78
4294967278,77
4294967278,76
4294967278,75
4294967278,74
4294967278,73
4294967278,72
4294967278,71
4294967278,70
4294967278,69
4294967278,68
4294967278,67
4294967278,66
4294967278,65
4294967278,64
4294967278,63
4294967278,62
4294967278,61
4294967278,60
4294967278,59
4294967278,58
4294967278,57
4294967278,56
4294967278,55
4294967278,54
4294967278,53
4294967278,52
4294967278,51
4294967278,50
4294967278,49
4294967278,48
4294967278,47
4294967278,46
4294967278,45
4294967278,44
4294967278,43
4294967278,42
4294967278,41
4294967278,40
4294967278,359
4294967278,39
4294967278,38
4294967278,37
4294967278,36
4294967278,35
4294967278,5
4294967279,129
4294967279,126
4294967279,124
4294967279,121
4294967279,120
4294967279,118
4294967279,524
4294967279,114
4294967279,103
4294967279,102
4294967279,303
4294967279,99
4294967279,98
4294967279,522
4294967279,96
4294967279,2
4294967279,95
4294967279,94
4294967279,91
4294967279,85
4294967279,84
4294967279,83
4294967279,513
4294967279,81
4294967279,544
4294967279,77
4294967279,74
4294967279,73
4294967279,71
4294967279,70
4294967279,68
4294967279,66
4294967279,65
4294967279,63
4294967279,62
4294967279,60
4294967279,59
4294967279,57
4294967279,56
4294967279,260
4294967279,543
4294967279,519
4294967278,255
4294967278,412
4294967278,225
4294967279,525
4294967279,164
4294967279,157
4294967278,155
4294967279,154
4294967279,149
4294967279,148
4294967279,146
4294967279,145
4294967279,140
4294967279,139
4294967279,272
4294967279,136
4294967279,133
4294967279,271
4294967279,270
4294967279,277
4294967279,265
4294967279,264
4294967279,262
4294967279,258
4294967278,285
4294967279,255
4294967278,261
4294967279,254
4294967278,278
4294967279,555
4294967278,378
4294967279,554
4294967278,364
4294967279,322
4294967278,336
4294967279,553
4294967278,363
4294967279,552
4294967278,362
4294967279,520
4294967278,377
4294967279,321
4294967278,254
4294967279,518
4294967278,332
4294967279,250
4294967278,253
4294967279,249
4294967278,250
4294967279,248
4294967278,248
4294967279,247
4294967278,246
4294967278,244
4294967279,243
4294967278,242
4294967279,241
4294967278,240
4294967279,239
4294967278,238
4294967279,236
4294967278,236
4294967279,233
4294967278,232
4294967278,230
4294967278,228
4294967279,227
4294967278,226
4294967279,225
4294967278,224
4294967278,222
4294967279,221
4294967278,220
4294967278,216
4294967279,215
4294967279,517
4294967278,210
4294967279,210
4294967278,209
4294967279,209
4294967278,208
4294967279,207
4294967278,206
4294967278,205
4294967279,205
4294967278,204
4294967279,204
4294967279,203
4294967278,202
4294967279,202
4294967278,201
4294967279,201
4294967278,200
4294967279,200
4294967278,197
4294967278,196
4294967279,196
4294967278,195
4294967279,195
4294967279,193
4294967279,192
4294967279,191
4294967279,190
4294967279,188
4294967279,187
4294967279,185
4294967279,184
4294967279,179
4294967279,178
4294967279,177
4294967279,176
4294967279,382
4294967279,163
4294967279,162
4294967278,410
4294967279,153
4294967279,323
4294967279,152
835,5
4294967279,147
835,4
835,2
835,1
4294967278,251
4294967279,335
4294967278,256
4294967279,220
4294967278,395
833,5
833,4
833,3
833,2
833,1
4294967278,286
4294967279,283
4294967279,547
4294967279,282
4294967294,403
4294967294,108
